 5.80949277D+33
 1.27297565D+33
 8.43718582D+32
 6.45870935D+32
 5.15778755D+32
 4.17515112D+32
 3.57360359D+32
 3.14944930D+32
 2.75374708D+32
 2.47676968D+32
 2.22661031D+32
 1.98670824D+32
 1.77623932D+32
 1.70442691D+32
 1.62780386D+32
 1.43429829D+32
 1.36558650D+32
 1.22142334D+32
 1.14910300D+32
 1.09195054D+32
 9.99410059D+31
 8.00455442D+31
 8.13397122D+31
 7.57295823D+31
 7.42917324D+31
 6.88581114D+31
 5.85672795D+31
 5.98636911D+31
 5.60103076D+31
 5.47107739D+31
 4.83691061D+31
 4.97078268D+31
 4.43315986D+31
 4.35323561D+31
 3.76482889D+31
 3.93291432D+31
 3.36066632D+31
 3.32484120D+31
 2.94382568D+31
 2.84127939D+31
 3.03221959D+31
 2.64145035D+31
 2.44657073D+31
 2.28001254D+31
 1.98880545D+31
 2.08592885D+31
 1.88913612D+31
 1.47143395D+31
 1.47065800D+31
 1.73069295D+31
 1.10243275D+31
 1.22847925D+31
 9.66723129D+30
 9.99450974D+30
 8.54479372D+30
 7.07550751D+30
 6.45987231D+30
 6.53777153D+30
 6.95038990D+30
 1.01420825D+31
 1.85441751D+31
 5.82960720D+31
 5.01702748D+32
 0.00000000D+00
 0.00000000D+00
 1.24522706D+33
 2.74147259D+32
 1.81947226D+32
 1.39746802D+32
 1.11470893D+32
 9.00581076D+31
 7.72019128D+31
 6.80577733D+31
 5.96205552D+31
 5.36276098D+31
 4.79396459D+31
 4.30189048D+31
 3.83268686D+31
 3.68453272D+31
 3.50449190D+31
 3.10502763D+31
 2.94896814D+31
 2.64859603D+31
 2.49097037D+31
 2.35595914D+31
 2.17297854D+31
 1.73919525D+31
 1.76008446D+31
 1.63095987D+31
 1.59904918D+31
 1.49474728D+31
 1.25121739D+31
 1.29091445D+31
 1.20453206D+31
 1.17768722D+31
 1.04242122D+31
 1.07668459D+31
 9.52472522D+30
 9.31267112D+30
 8.13263306D+30
 8.49799250D+30
 7.24652186D+30
 7.14274950D+30
 6.32004361D+30
 6.12241556D+30
 6.49456697D+30
 5.66331883D+30
 5.20871318D+30
 4.90678137D+30
 4.19441868D+30
 4.51134583D+30
 4.07962620D+30
 3.11393828D+30
 3.19721277D+30
 3.73492623D+30
 2.33055635D+30
 2.57110252D+30
 2.04234459D+30
 2.10777073D+30
 1.78483247D+30
 1.48651592D+30
 1.39101554D+30
 1.34685371D+30
 1.46443394D+30
 2.11590273D+30
 3.86712948D+30
 1.23280273D+31
 1.05517403D+32
 0.00000000D+00
 0.00000000D+00
 8.17380123D+32
 1.80282627D+32
 1.19697922D+32
 9.16969037D+31
 7.31650788D+31
 5.90975378D+31
 5.08882558D+31
 4.49543730D+31
 3.92498071D+31
 3.50659696D+31
 3.15543678D+31
 2.84474284D+31
 2.51270827D+31
 2.42321030D+31
 2.32569930D+31
 2.04301604D+31
 1.94551053D+31
 1.73360727D+31
 1.64770745D+31
 1.54776807D+31
 1.41437548D+31
 1.12771139D+31
 1.14726390D+31
 1.06770396D+31
 1.06002898D+31
 9.77347598D+30
 8.23951329D+30
 8.41535862D+30
 7.91559426D+30
 7.71202540D+30
 6.85145085D+30
 7.17728708D+30
 6.25243416D+30
 6.22367011D+30
 5.30050402D+30
 5.55684537D+30
 4.76328614D+30
 4.67221026D+30
 4.13441466D+30
 4.03941751D+30
 4.31831504D+30
 3.69693284D+30
 3.45427161D+30
 3.20040987D+30
 2.78654960D+30
 2.97375898D+30
 2.62992369D+30
 2.05639941D+30
 2.04275852D+30
 2.44059775D+30
 1.52963434D+30
 1.65723079D+30
 1.36901994D+30
 1.37462671D+30
 1.19066587D+30
 9.86740115D+29
 8.86971036D+29
 8.76961253D+29
 9.29074954D+29
 1.39509187D+30
 2.58180657D+30
 8.00727030D+30
 6.87096968D+31
 0.00000000D+00
 0.00000000D+00
 6.19320425D+32
 1.36818203D+32
 9.04221263D+31
 6.93616130D+31
 5.55873889D+31
 4.47798807D+31
 3.85768697D+31
 3.39715125D+31
 2.94627692D+31
 2.66454218D+31
 2.38702295D+31
 2.15839676D+31
 1.89816777D+31
 1.83727686D+31
 1.74737817D+31
 1.53825355D+31
 1.47259862D+31
 1.31782272D+31
 1.24172939D+31
 1.16625145D+31
 1.07183110D+31
 8.55669668D+30
 8.68523146D+30
 8.12717306D+30
 8.06172459D+30
 7.43936452D+30
 6.23956987D+30
 6.35290564D+30
 5.98135463D+30
 5.88139067D+30
 5.19978705D+30
 5.44821147D+30
 4.77418049D+30
 4.67236388D+30
 4.01386721D+30
 4.21728237D+30
 3.65355552D+30
 3.53397589D+30
 3.15917336D+30
 3.03718899D+30
 3.25839954D+30
 2.82932794D+30
 2.61834849D+30
 2.41356473D+30
 2.12299544D+30
 2.27698798D+30
 2.02239343D+30
 1.52390831D+30
 1.56993902D+30
 1.86432045D+30
 1.15074208D+30
 1.27746115D+30
 1.00205902D+30
 1.03425861D+30
 9.08235315D+29
 7.49637560D+29
 6.77763542D+29
 6.50279423D+29
 7.17513430D+29
 1.07249871D+30
 1.97896669D+30
 6.18379729D+30
 5.23848978D+31
 0.00000000D+00
 0.00000000D+00
 5.02827874D+32
 1.11013416D+32
 7.36568150D+31
 5.65038797D+31
 4.51640095D+31
 3.64416483D+31
 3.13412248D+31
 2.76535921D+31
 2.41674911D+31
 2.16230836D+31
 1.93750660D+31
 1.74916590D+31
 1.55101392D+31
 1.49454619D+31
 1.42616713D+31
 1.25724497D+31
 1.20394642D+31
 1.07289468D+31
 1.01265236D+31
 9.59059936D+30
 8.67838756D+30
 6.97928575D+30
 7.12631061D+30
 6.57830526D+30
 6.44241220D+30
 6.00012726D+30
 5.12329067D+30
 5.22728385D+30
 4.89217084D+30
 4.80501994D+30
 4.21884833D+30
 4.36940439D+30
 3.81428821D+30
 3.84209674D+30
 3.20582210D+30
 3.47778427D+30
 2.94202738D+30
 2.87281716D+30
 2.62067935D+30
 2.45584350D+30
 2.69215543D+30
 2.26607627D+30
 2.11328627D+30
 1.96736378D+30
 1.71181845D+30
 1.82003953D+30
 1.59385127D+30
 1.24563486D+30
 1.26430548D+30
 1.54468791D+30
 9.26010894D+29
 1.04878273D+30
 7.96206568D+29
 8.44350422D+29
 7.08694222D+29
 5.92391368D+29
 5.70413994D+29
 5.39167370D+29
 5.63847865D+29
 8.49690598D+29
 1.57649399D+30
 4.94999111D+30
 4.24182806D+31
 0.00000000D+00
 0.00000000D+00
 4.10089460D+32
 9.03190222D+31
 5.99564845D+31
 4.60301118D+31
 3.67413409D+31
 2.95744173D+31
 2.56028702D+31
 2.24880623D+31
 1.95443721D+31
 1.76433290D+31
 1.57044650D+31
 1.42002241D+31
 1.25262509D+31
 1.20959877D+31
 1.15418423D+31
 1.02391275D+31
 9.77695056D+30
 8.72897420D+30
 8.20235470D+30
 7.79916168D+30
 7.08607025D+30
 5.70264797D+30
 5.79151282D+30
 5.26517805D+30
 5.29142798D+30
 4.87830132D+30
 4.13276723D+30
 4.22058538D+30
 3.92889454D+30
 3.87278116D+30
 3.42006908D+30
 3.56711398D+30
 3.09269372D+30
 3.13916317D+30
 2.65688041D+30
 2.79044889D+30
 2.34102033D+30
 2.31999775D+30
 2.04370719D+30
 1.97047213D+30
 2.13865142D+30
 1.85257150D+30
 1.67294564D+30
 1.58300042D+30
 1.37893597D+30
 1.47737716D+30
 1.31691267D+30
 1.02367096D+30
 1.00129444D+30
 1.20058346D+30
 7.41278130D+29
 8.42778212D+29
 6.61459419D+29
 6.65352213D+29
 5.67708602D+29
 4.79839166D+29
 4.37840831D+29
 4.51876608D+29
 4.80136373D+29
 6.81593315D+29
 1.33075922D+30
 4.07314883D+30
 3.48322769D+31
 0.00000000D+00
 0.00000000D+00
 3.55003495D+32
 7.82435272D+31
 5.19508481D+31
 3.99078184D+31
 3.19777424D+31
 2.58295336D+31
 2.19895525D+31
 1.96110833D+31
 1.69864207D+31
 1.52356975D+31
 1.37914784D+31
 1.23967549D+31
 1.09790546D+31
 1.05515267D+31
 1.00076706D+31
 8.84089259D+30
 8.45164010D+30
 7.55264805D+30
 7.14892874D+30
 6.79036441D+30
 6.12807167D+30
 4.92732131D+30
 4.95274874D+30
 4.62791119D+30
 4.52635291D+30
 4.23563414D+30
 3.57516261D+30
 3.68027302D+30
 3.43209480D+30
 3.32753004D+30
 2.99784002D+30
 3.11446915D+30
 2.69962245D+30
 2.67907768D+30
 2.30633313D+30
 2.37709008D+30
 2.05389336D+30
 1.99993077D+30
 1.79681548D+30
 1.70776850D+30
 1.83698648D+30
 1.58256597D+30
 1.46289525D+30
 1.37447619D+30
 1.17155561D+30
 1.29050551D+30
 1.11019240D+30
 8.74706050D+29
 8.67645640D+29
 1.07897474D+30
 6.63064451D+29
 7.28241308D+29
 5.82496691D+29
 5.75752454D+29
 4.86916564D+29
 4.17810686D+29
 3.87796201D+29
 3.83327759D+29
 4.00358258D+29
 6.07038247D+29
 1.08667987D+30
 3.53224345D+30
 2.96766597D+31
 0.00000000D+00
 0.00000000D+00
 3.09497611D+32
 6.84844667D+31
 4.53212857D+31
 3.48187624D+31
 2.78912372D+31
 2.25329912D+31
 1.94158490D+31
 1.71005405D+31
 1.48552151D+31
 1.33564962D+31
 1.20222606D+31
 1.08216354D+31
 9.59319776D+30
 9.25007950D+30
 8.76214188D+30
 7.76800254D+30
 7.33781816D+30
 6.60586239D+30
 6.23407015D+30
 5.91402708D+30
 5.41257344D+30
 4.31339242D+30
 4.38870423D+30
 4.08676843D+30
 4.04532508D+30
 3.64513236D+30
 3.14712932D+30
 3.26619106D+30
 2.95690689D+30
 2.94245989D+30
 2.58049567D+30
 2.69283898D+30
 2.40086726D+30
 2.33621456D+30
 2.00530186D+30
 2.09270443D+30
 1.81360226D+30
 1.75773022D+30
 1.58364370D+30
 1.50618689D+30
 1.65640409D+30
 1.38371123D+30
 1.29250737D+30
 1.21037600D+30
 1.08388709D+30
 1.14669411D+30
 1.00860850D+30
 7.59056736D+29
 7.81936195D+29
 9.34652689D+29
 5.66161562D+29
 6.30043903D+29
 5.16576363D+29
 5.09263497D+29
 4.34937749D+29
 3.60675270D+29
 3.29491113D+29
 3.33607920D+29
 3.69105182D+29
 5.28279595D+29
 9.35994846D+29
 3.05929484D+30
 2.60952298D+31
 0.00000000D+00
 0.00000000D+00
 2.81811052D+32
 6.25703163D+31
 4.15863006D+31
 3.17837553D+31
 2.54155875D+31
 2.06204547D+31
 1.75420745D+31
 1.55520278D+31
 1.35373851D+31
 1.22133491D+31
 1.09056482D+31
 9.83890019D+30
 8.65211570D+30
 8.45008502D+30
 8.04313938D+30
 7.05200079D+30
 6.80153644D+30
 6.00986707D+30
 5.72511847D+30
 5.34390537D+30
 4.89258009D+30
 3.92320837D+30
 4.02132234D+30
 3.62346607D+30
 3.66100161D+30
 3.39942466D+30
 2.81835169D+30
 2.88381821D+30
 2.72012596D+30
 2.62456956D+30
 2.39372783D+30
 2.51936185D+30
 2.15046643D+30
 2.15685115D+30
 1.81820565D+30
 1.85797838D+30
 1.67097121D+30
 1.61592351D+30
 1.45550747D+30
 1.36571300D+30
 1.48174786D+30
 1.26097517D+30
 1.19769786D+30
 1.10136657D+30
 9.39101925D+29
 1.04383032D+30
 8.96490036D+29
 6.94153973D+29
 7.02110192D+29
 8.32222954D+29
 5.27161010D+29
 5.49272130D+29
 4.44912453D+29
 4.81287065D+29
 3.89525154D+29
 3.29330961D+29
 2.98481157D+29
 3.08119392D+29
 3.19490167D+29
 4.54127456D+29
 8.69699982D+29
 2.79715816D+30
 2.31307820D+31
 0.00000000D+00
 0.00000000D+00
 2.46537649D+32
 5.47433691D+31
 3.62421695D+31
 2.78314263D+31
 2.21826021D+31
 1.79360640D+31
 1.53011133D+31
 1.36210511D+31
 1.18200038D+31
 1.06268726D+31
 9.60847474D+30
 8.58012498D+30
 7.66785428D+30
 7.35763860D+30
 6.98356529D+30
 6.16544039D+30
 5.89786873D+30
 5.24835803D+30
 4.94690562D+30
 4.68969600D+30
 4.26262824D+30
 3.49797623D+30
 3.51979303D+30
 3.24996964D+30
 3.20062812D+30
 3.02401076D+30
 2.50921547D+30
 2.57047385D+30
 2.39044179D+30
 2.37446102D+30
 2.09225424D+30
 2.20646565D+30
 1.92494245D+30
 1.88816307D+30
 1.62958673D+30
 1.71107707D+30
 1.42033259D+30
 1.41377022D+30
 1.26620455D+30
 1.20555065D+30
 1.29651764D+30
 1.13560555D+30
 1.05026802D+30
 9.97405802D+29
 8.35211835D+29
 9.33247688D+29
 8.24197618D+29
 6.20650071D+29
 6.39888845D+29
 7.67755695D+29
 4.70329675D+29
 5.07544166D+29
 4.07824511D+29
 4.37081942D+29
 3.58812807D+29
 2.78387162D+29
 2.84105983D+29
 2.66360653D+29
 2.96130373D+29
 4.23256358D+29
 7.78973570D+29
 2.46790986D+30
 2.07426216D+31
 0.00000000D+00
 0.00000000D+00
 2.23294230D+32
 4.93739230D+31
 3.26160783D+31
 2.51582625D+31
 2.01632464D+31
 1.61499469D+31
 1.39434138D+31
 1.22765872D+31
 1.07691863D+31
 9.64186190D+30
 8.62885470D+30
 7.78372035D+30
 6.87548971D+30
 6.71307249D+30
 6.33216498D+30
 5.58869622D+30
 5.35491717D+30
 4.79244690D+30
 4.51252253D+30
 4.23787042D+30
 3.89960932D+30
 3.07685054D+30
 3.16119795D+30
 2.88890622D+30
 2.86405323D+30
 2.67032306D+30
 2.21165117D+30
 2.27925403D+30
 2.13524476D+30
 2.10562035D+30
 1.85853389D+30
 1.96012981D+30
 1.72614278D+30
 1.70112956D+30
 1.44720600D+30
 1.52103313D+30
 1.30410945D+30
 1.29301157D+30
 1.15859246D+30
 1.07560237D+30
 1.18477054D+30
 1.01751621D+30
 9.29927301D+29
 8.64772720D+29
 7.62518182D+29
 8.11065617D+29
 7.08098539D+29
 5.52081270D+29
 5.43710598D+29
 6.65865689D+29
 4.10180279D+29
 4.50501128D+29
 3.47682996D+29
 3.65779053D+29
 3.13171957D+29
 2.68544647D+29
 2.41840683D+29
 2.29840465D+29
 2.67780048D+29
 3.74584442D+29
 6.98045704D+29
 2.21796731D+30
 1.85724977D+31
 0.00000000D+00
 0.00000000D+00
 1.94775346D+32
 4.31570781D+31
 2.85851507D+31
 2.18615460D+31
 1.75115045D+31
 1.41643445D+31
 1.20912648D+31
 1.07454211D+31
 9.33943849D+30
 8.33571787D+30
 7.48690164D+30
 6.74283923D+30
 5.98435141D+30
 5.79860808D+30
 5.50301299D+30
 4.83858923D+30
 4.68706726D+30
 4.14562676D+30
 3.94420885D+30
 3.68650308D+30
 3.38851587D+30
 2.73953361D+30
 2.76286601D+30
 2.48502768D+30
 2.49776415D+30
 2.30084139D+30
 1.96904411D+30
 1.98559292D+30
 1.87216157D+30
 1.85253977D+30
 1.58786183D+30
 1.70907880D+30
 1.46191687D+30
 1.50435798D+30
 1.25914769D+30
 1.35506078D+30
 1.12677832D+30
 1.12209348D+30
 9.80801682D+29
 9.50099686D+29
 9.99271259D+29
 8.62007684D+29
 7.89836813D+29
 7.47085904D+29
 6.51954412D+29
 6.88315475D+29
 6.24895991D+29
 4.61899688D+29
 4.90310468D+29
 5.82526386D+29
 3.70271732D+29
 4.03117506D+29
 3.19595880D+29
 3.31089913D+29
 2.72289858D+29
 2.12542129D+29
 2.03839915D+29
 2.09390692D+29
 2.15534429D+29
 3.25550655D+29
 6.05746712D+29
 1.96978462D+30
 1.64964325D+31
 0.00000000D+00
 0.00000000D+00
 1.81179911D+32
 4.02484745D+31
 2.66362152D+31
 2.05721072D+31
 1.64080213D+31
 1.31927299D+31
 1.13553869D+31
 1.00735970D+31
 8.76053869D+30
 7.84282952D+30
 7.03963561D+30
 6.30360465D+30
 5.61387078D+30
 5.44872096D+30
 5.19292231D+30
 4.57814695D+30
 4.34428108D+30
 3.88898507D+30
 3.71511110D+30
 3.47934050D+30
 3.19607032D+30
 2.55895839D+30
 2.61007043D+30
 2.38600989D+30
 2.37229659D+30
 2.21962863D+30
 1.83152929D+30
 1.92676376D+30
 1.75407446D+30
 1.74760093D+30
 1.56773498D+30
 1.61752415D+30
 1.40846938D+30
 1.41129110D+30
 1.18735814D+30
 1.25132856D+30
 1.08669202D+30
 1.05339064D+30
 9.18034797D+29
 8.93424434D+29
 9.56275197D+29
 8.27631176D+29
 7.59242202D+29
 7.36889720D+29
 6.16032353D+29
 6.64969374D+29
 5.85753213D+29
 4.51473940D+29
 4.56097016D+29
 5.58735154D+29
 3.58524640D+29
 3.94100700D+29
 2.91243325D+29
 3.21623367D+29
 2.62289116D+29
 2.15346794D+29
 2.22029586D+29
 1.94510555D+29
 2.11142006D+29
 3.07437322D+29
 5.69847833D+29
 1.76945813D+30
 1.50060473D+31
 0.00000000D+00
 0.00000000D+00
 1.69901013D+32
 3.77431651D+31
 2.48122057D+31
 1.92271426D+31
 1.53099789D+31
 1.23784470D+31
 1.05470808D+31
 9.39830379D+30
 8.17107878D+30
 7.29581406D+30
 6.56479194D+30
 5.85818365D+30
 5.31768431D+30
 5.08364402D+30
 4.83544973D+30
 4.21622817D+30
 4.06507939D+30
 3.66544485D+30
 3.46770642D+30
 3.27537467D+30
 3.04728971D+30
 2.44509875D+30
 2.39888559D+30
 2.22517225D+30
 2.21058170D+30
 2.05690061D+30
 1.76897665D+30
 1.81747565D+30
 1.63975057D+30
 1.64079234D+30
 1.41950790D+30
 1.50264832D+30
 1.31455334D+30
 1.31110263D+30
 1.12428926D+30
 1.18810992D+30
 1.00891163D+30
 9.91833207D+29
 8.87538096D+29
 8.48967167D+29
 9.42787460D+29
 7.85718998D+29
 7.22567845D+29
 6.37657381D+29
 5.73912779D+29
 6.31753566D+29
 5.53939040D+29
 4.21717320D+29
 4.20913946D+29
 5.53163311D+29
 3.27771521D+29
 3.42288547D+29
 2.86523281D+29
 2.95645933D+29
 2.65541317D+29
 2.07500471D+29
 1.98930271D+29
 1.70862346D+29
 2.08078488D+29
 2.94516213D+29
 5.24650997D+29
 1.70162313D+30
 1.41644426D+31
 0.00000000D+00
 0.00000000D+00
 1.46466638D+32
 3.23910788D+31
 2.14402481D+31
 1.65784261D+31
 1.31628271D+31
 1.06101241D+31
 9.15126230D+30
 8.05476385D+30
 7.05901707D+30
 6.27194704D+30
 5.66466946D+30
 5.16358471D+30
 4.53471381D+30
 4.37480219D+30
 4.17111968D+30
 3.64296773D+30
 3.51604449D+30
 3.13415784D+30
 2.96726114D+30
 2.78916280D+30
 2.54581564D+30
 2.04773644D+30
 2.06230878D+30
 1.88263061D+30
 1.91278961D+30
 1.73895062D+30
 1.47226533D+30
 1.48882416D+30
 1.39586338D+30
 1.35807505D+30
 1.22042750D+30
 1.27722111D+30
 1.11495999D+30
 1.11912157D+30
 9.52145692D+29
 1.00089320D+30
 8.57444935D+29
 8.45457706D+29
 7.43594742D+29
 7.40917535D+29
 7.77744226D+29
 6.70828531D+29
 5.94884471D+29
 5.59339619D+29
 4.83409386D+29
 5.44542984D+29
 4.57906166D+29
 3.61082343D+29
 3.65388340D+29
 4.38228089D+29
 2.71675003D+29
 3.01161174D+29
 2.47070621D+29
 2.40350161D+29
 2.14750012D+29
 1.81226182D+29
 1.78108176D+29
 1.53583986D+29
 1.64320201D+29
 2.57002349D+29
 4.58939591D+29
 1.43280945D+30
 1.21057384D+31
 0.00000000D+00
 0.00000000D+00
 1.47472991D+32
 3.26392117D+31
 2.17314050D+31
 1.66942031D+31
 1.33300864D+31
 1.06777145D+31
 9.20672508D+30
 8.17366289D+30
 7.07961768D+30
 6.32379637D+30
 5.73532222D+30
 5.18124185D+30
 4.51432904D+30
 4.39187645D+30
 4.19965511D+30
 3.72452747D+30
 3.55168954D+30
 3.15626505D+30
 2.97052343D+30
 2.82398923D+30
 2.58359082D+30
 2.07454290D+30
 2.06541460D+30
 1.93947964D+30
 1.94634277D+30
 1.78195401D+30
 1.49315848D+30
 1.54717000D+30
 1.43630584D+30
 1.41019059D+30
 1.21416986D+30
 1.32317904D+30
 1.13262193D+30
 1.13132939D+30
 9.54713696D+29
 1.01661584D+30
 8.52934742D+29
 8.47123384D+29
 7.62737385D+29
 7.34052949D+29
 7.78636843D+29
 6.67759929D+29
 6.13432425D+29
 5.68002452D+29
 4.87318298D+29
 5.57218649D+29
 4.77044906D+29
 3.75591913D+29
 3.59285245D+29
 4.40752588D+29
 2.65250430D+29
 2.94320773D+29
 2.45010752D+29
 2.43877748D+29
 2.10047292D+29
 1.74178635D+29
 1.55715042D+29
 1.52085280D+29
 1.65606381D+29
 2.46856539D+29
 4.42471300D+29
 1.44535212D+30
 1.21748999D+31
 0.00000000D+00
 0.00000000D+00
 1.32022540D+32
 2.93493396D+31
 1.93511822D+31
 1.49070111D+31
 1.19524869D+31
 9.68071458D+30
 8.24264610D+30
 7.35396405D+30
 6.35538713D+30
 5.61897462D+30
 5.11048321D+30
 4.63986764D+30
 4.05644176D+30
 3.95406993D+30
 3.74639661D+30
 3.28239529D+30
 3.15304881D+30
 2.80961279D+30
 2.71023912D+30
 2.53854470D+30
 2.27414607D+30
 1.86679130D+30
 1.88719981D+30
 1.69467577D+30
 1.65648451D+30
 1.58562384D+30
 1.32505652D+30
 1.37757981D+30
 1.29514074D+30
 1.26716142D+30
 1.10171058D+30
 1.18181315D+30
 1.01403746D+30
 1.00186894D+30
 8.54759200D+29
 9.04155801D+29
 7.59115901D+29
 7.39493035D+29
 6.84973438D+29
 6.28522826D+29
 7.03695863D+29
 5.93688046D+29
 5.62111977D+29
 4.90139342D+29
 4.37655729D+29
 4.96922459D+29
 4.25373973D+29
 3.26468269D+29
 3.30137942D+29
 4.06252553D+29
 2.53293902D+29
 2.61947682D+29
 2.14467235D+29
 2.25792385D+29
 1.84859776D+29
 1.66683055D+29
 1.38580682D+29
 1.40994924D+29
 1.58346416D+29
 2.21871299D+29
 4.15839422D+29
 1.31145023D+30
 1.10081279D+31
 0.00000000D+00
 0.00000000D+00
 1.15335017D+32
 2.55343427D+31
 1.68389055D+31
 1.29897947D+31
 1.03345089D+31
 8.30824259D+30
 7.18651937D+30
 6.32980927D+30
 5.51126035D+30
 4.94797492D+30
 4.41804359D+30
 4.06003505D+30
 3.50220356D+30
 3.43449502D+30
 3.29570865D+30
 2.86121145D+30
 2.75431845D+30
 2.44227921D+30
 2.31209093D+30
 2.16632513D+30
 1.97934487D+30
 1.60176291D+30
 1.62340733D+30
 1.45637742D+30
 1.54002226D+30
 1.40361680D+30
 1.16455051D+30
 1.17750305D+30
 1.10113360D+30
 1.10793121D+30
 9.68807731D+29
 1.00430550D+30
 8.96013950D+29
 8.62925080D+29
 7.26158290D+29
 7.80386216D+29
 6.69372550D+29
 6.39677512D+29
 5.59122498D+29
 5.64579771D+29
 5.94384869D+29
 5.21838849D+29
 4.85197272D+29
 4.45757456D+29
 3.79359411D+29
 4.19325791D+29
 3.79537816D+29
 2.83363075D+29
 2.83563683D+29
 3.34823664D+29
 2.02984419D+29
 2.28028668D+29
 1.79748463D+29
 1.89554276D+29
 1.55427286D+29
 1.45495488D+29
 1.22131209D+29
 1.26884755D+29
 1.36032561D+29
 2.03920851D+29
 3.51858120D+29
 1.15759511D+30
 9.49226911D+30
 0.00000000D+00
 0.00000000D+00
 1.04537746D+32
 2.31081465D+31
 1.52974604D+31
 1.16728297D+31
 9.25675903D+30
 7.46102405D+30
 6.39056496D+30
 5.69259438D+30
 4.96017705D+30
 4.47330953D+30
 3.95117199D+30
 3.65313316D+30
 3.16613452D+30
 3.05527063D+30
 2.94495927D+30
 2.56156277D+30
 2.43839088D+30
 2.19087525D+30
 2.10905223D+30
 1.96862914D+30
 1.82174230D+30
 1.42949342D+30
 1.43601640D+30
 1.35320480D+30
 1.32008013D+30
 1.20945104D+30
 1.05559541D+30
 1.05576457D+30
 1.01241418D+30
 9.87293300D+29
 8.68316350D+29
 9.12589334D+29
 8.01320371D+29
 7.80029553D+29
 6.78058273D+29
 7.04383666D+29
 6.02575652D+29
 5.69415001D+29
 5.25000371D+29
 4.89474368D+29
 5.21032881D+29
 4.78888710D+29
 4.17114725D+29
 3.89416137D+29
 3.40392537D+29
 3.65730380D+29
 3.45252098D+29
 2.45934895D+29
 2.63238457D+29
 2.97600387D+29
 1.91248697D+29
 2.14215812D+29
 1.65341444D+29
 1.67073872D+29
 1.36428072D+29
 1.23470925D+29
 1.22189518D+29
 1.12578577D+29
 1.22996939D+29
 1.83663643D+29
 3.36520248D+29
 1.07075740D+30
 8.85685251D+30
 0.00000000D+00
 0.00000000D+00
 1.06433834D+32
 2.36875561D+31
 1.56346228D+31
 1.20628853D+31
 9.68758939D+30
 7.76726005D+30
 6.63369344D+30
 5.86080467D+30
 5.13902832D+30
 4.60686376D+30
 4.14508706D+30
 3.78371368D+30
 3.27084439D+30
 3.20276328D+30
 3.07113810D+30
 2.68128691D+30
 2.55112916D+30
 2.29860570D+30
 2.16739711D+30
 2.02001167D+30
 1.87761082D+30
 1.49452022D+30
 1.56279711D+30
 1.40499131D+30
 1.39184413D+30
 1.28693865D+30
 1.06309881D+30
 1.09055413D+30
 1.05181755D+30
 1.01999424D+30
 8.96205843D+29
 9.38495986D+29
 8.38142411D+29
 7.75622420D+29
 6.96187137D+29
 7.26749778D+29
 6.04830786D+29
 6.15461070D+29
 5.50890752D+29
 5.25389220D+29
 5.68760636D+29
 4.92589748D+29
 4.55020501D+29
 4.21698670D+29
 3.67880642D+29
 4.06545076D+29
 3.57024711D+29
 2.60973629D+29
 2.74668583D+29
 3.19839240D+29
 2.01809800D+29
 2.16560293D+29
 1.79629919D+29
 1.87898692D+29
 1.57295571D+29
 1.33556126D+29
 1.07776732D+29
 1.12501197D+29
 1.27980710D+29
 1.70143563D+29
 3.24363671D+29
 1.03114362D+30
 8.55225602D+30
 0.00000000D+00
 0.00000000D+00
 9.23260043D+31
 2.03954660D+31
 1.35106382D+31
 1.03103859D+31
 8.24048548D+30
 6.71705264D+30
 5.73174832D+30
 5.05770709D+30
 4.38949925D+30
 4.00247818D+30
 3.53652443D+30
 3.23401796D+30
 2.80118299D+30
 2.72781046D+30
 2.59244534D+30
 2.27311193D+30
 2.19401754D+30
 1.96223436D+30
 1.85514120D+30
 1.72226062D+30
 1.60492755D+30
 1.28146067D+30
 1.28427725D+30
 1.17579736D+30
 1.17560574D+30
 1.07323278D+30
 8.98412562D+29
 9.55676667D+29
 8.66274096D+29
 8.65566664D+29
 7.50170440D+29
 7.97078870D+29
 7.14210361D+29
 6.82491541D+29
 5.77164983D+29
 6.38811550D+29
 5.13915404D+29
 4.94247742D+29
 4.70455830D+29
 4.26622395D+29
 4.61309771D+29
 4.05414294D+29
 3.71681321D+29
 3.44923505D+29
 2.90270763D+29
 3.43359626D+29
 2.87860471D+29
 2.22492184D+29
 2.11965803D+29
 2.79487700D+29
 1.66555280D+29
 1.83112024D+29
 1.34469250D+29
 1.52866451D+29
 1.22457992D+29
 1.12749283D+29
 1.00274627D+29
 1.00616155D+29
 1.10152116D+29
 1.62101605D+29
 2.96688438D+29
 9.60051154D+29
 7.90080420D+30
 0.00000000D+00
 0.00000000D+00
 8.89511532D+31
 1.95838094D+31
 1.29602345D+31
 9.99303288D+30
 7.97216869D+30
 6.42165173D+30
 5.48242253D+30
 4.89608303D+30
 4.25279148D+30
 3.85376675D+30
 3.37063866D+30
 3.10525069D+30
 2.72094344D+30
 2.62750543D+30
 2.50771158D+30
 2.22377693D+30
 2.09157189D+30
 1.89983355D+30
 1.81156513D+30
 1.70176713D+30
 1.53408107D+30
 1.21640318D+30
 1.24547841D+30
 1.17006521D+30
 1.12701620D+30
 1.04145391D+30
 8.89308608D+29
 9.38540454D+29
 8.32328191D+29
 8.29215465D+29
 7.48912766D+29
 7.70012692D+29
 6.69253752D+29
 6.62827991D+29
 5.81307322D+29
 6.05736847D+29
 5.17533465D+29
 5.13539637D+29
 4.47255230D+29
 4.09027360D+29
 4.80664178D+29
 4.08449456D+29
 3.74170562D+29
 3.37598994D+29
 2.89122837D+29
 3.23689221D+29
 2.80643110D+29
 2.15639444D+29
 2.24434508D+29
 2.57992317D+29
 1.60087317D+29
 1.77284869D+29
 1.38269714D+29
 1.43763134D+29
 1.25837315D+29
 9.66402311D+28
 1.05954988D+29
 9.85138619D+28
 9.91187834D+28
 1.49713217D+29
 2.86050819D+29
 8.88207316D+29
 7.42773148D+30
 0.00000000D+00
 0.00000000D+00
 8.49257756D+31
 1.87437301D+31
 1.25264275D+31
 9.59589445D+30
 7.62518245D+30
 6.12165977D+30
 5.25273282D+30
 4.73170241D+30
 4.03126435D+30
 3.63581710D+30
 3.23253643D+30
 2.95589401D+30
 2.63370040D+30
 2.50800618D+30
 2.40946546D+30
 2.11503697D+30
 2.04479446D+30
 1.77563760D+30
 1.72894106D+30
 1.61537682D+30
 1.46349766D+30
 1.17869697D+30
 1.18722643D+30
 1.10051800D+30
 1.10205365D+30
 1.00055128D+30
 8.37727681D+29
 8.91060376D+29
 8.16963212D+29
 8.01716461D+29
 7.06399555D+29
 7.42132808D+29
 6.41079736D+29
 6.34426025D+29
 5.44174965D+29
 5.77826399D+29
 4.86713725D+29
 4.88084932D+29
 4.31912192D+29
 4.01323355D+29
 4.53606426D+29
 3.78567289D+29
 3.53074734D+29
 3.15135815D+29
 2.81359913D+29
 2.97730340D+29
 2.73512057D+29
 1.94937031D+29
 2.00901591D+29
 2.52173318D+29
 1.60789739D+29
 1.59088665D+29
 1.31421231D+29
 1.30602169D+29
 1.22504260D+29
 8.96626141D+28
 8.43405780D+28
 8.95585421D+28
 1.07495787D+29
 1.35114795D+29
 2.66490481D+29
 8.39601411D+29
 6.99139034D+30
 0.00000000D+00
 0.00000000D+00
 7.90555644D+31
 1.74820338D+31
 1.15823200D+31
 8.87735108D+30
 7.03956370D+30
 5.72612898D+30
 4.92031855D+30
 4.36544978D+30
 3.77364599D+30
 3.40747153D+30
 3.00037558D+30
 2.77410107D+30
 2.44452597D+30
 2.35232089D+30
 2.21150960D+30
 1.95253068D+30
 1.87009527D+30
 1.68004765D+30
 1.62101211D+30
 1.48878555D+30
 1.36367400D+30
 1.09856027D+30
 1.11222106D+30
 1.02612765D+30
 9.99476106D+29
 9.41126371D+29
 7.90127432D+29
 8.03405251D+29
 7.41509960D+29
 7.34150191D+29
 6.50508193D+29
 6.87317951D+29
 6.01966181D+29
 5.80635474D+29
 5.06874581D+29
 5.43933993D+29
 4.48078735D+29
 4.62075117D+29
 3.94307097D+29
 3.85057524D+29
 4.18626142D+29
 3.61693792D+29
 3.27245204D+29
 3.04111614D+29
 2.68070708D+29
 2.91735094D+29
 2.56537936D+29
 1.97044919D+29
 1.92972567D+29
 2.34616213D+29
 1.51558284D+29
 1.43874184D+29
 1.25814328D+29
 1.35267856D+29
 1.10931213D+29
 9.69642958D+28
 9.98354681D+28
 8.03475433D+28
 9.69279580D+28
 1.38399929D+29
 2.36444145D+29
 7.92188335D+29
 6.74710555D+30
 0.00000000D+00
 0.00000000D+00
 7.53751345D+31
 1.67973316D+31
 1.10847425D+31
 8.54202959D+30
 6.77930767D+30
 5.48213569D+30
 4.69882155D+30
 4.10847841D+30
 3.59556240D+30
 3.23287187D+30
 2.93123489D+30
 2.61378440D+30
 2.37945462D+30
 2.24729262D+30
 2.14322404D+30
 1.87199346D+30
 1.83426645D+30
 1.61955106D+30
 1.49950463D+30
 1.43905383D+30
 1.32180137D+30
 1.02712092D+30
 1.07859321D+30
 9.67947383D+29
 9.73820852D+29
 9.24735085D+29
 7.76902078D+29
 7.95409265D+29
 7.13760108D+29
 7.35039504D+29
 6.07270587D+29
 6.73907301D+29
 5.68940018D+29
 5.83719143D+29
 4.76975781D+29
 5.17044386D+29
 4.42164911D+29
 4.42122946D+29
 4.01223473D+29
 3.65030412D+29
 4.08147562D+29
 3.32774655D+29
 3.19004888D+29
 2.93507431D+29
 2.58509652D+29
 2.84773841D+29
 2.49183464D+29
 1.92572273D+29
 1.78215375D+29
 2.36778399D+29
 1.42073932D+29
 1.53941753D+29
 1.16578749D+29
 1.26320368D+29
 1.09900479D+29
 9.36775739D+28
 9.10047020D+28
 8.07177220D+28
 9.53738306D+28
 1.37537036D+29
 2.31412693D+29
 7.53650573D+29
 6.36309612D+30
 0.00000000D+00
 0.00000000D+00
 6.25298627D+31
 1.37063250D+31
 9.07099958D+30
 6.95409330D+30
 5.60103659D+30
 4.46533807D+30
 3.84693730D+30
 3.44264599D+30
 2.98040499D+30
 2.64208335D+30
 2.42137652D+30
 2.19041005D+30
 1.93112633D+30
 1.85964243D+30
 1.70614254D+30
 1.51813291D+30
 1.48491591D+30
 1.32907706D+30
 1.27028314D+30
 1.17690936D+30
 1.03373912D+30
 8.45312655D+29
 8.41701118D+29
 7.87322736D+29
 7.77005646D+29
 7.26608658D+29
 6.15758330D+29
 6.20584446D+29
 6.08690342D+29
 5.82195685D+29
 5.09612584D+29
 5.21108872D+29
 4.71781316D+29
 4.62818246D+29
 4.01411534D+29
 4.39649228D+29
 3.61370104D+29
 3.32541575D+29
 3.09757017D+29
 2.98091866D+29
 3.26060686D+29
 2.73721495D+29
 2.61096088D+29
 2.40540878D+29
 2.10701999D+29
 2.29540743D+29
 1.97705736D+29
 1.46361596D+29
 1.54571598D+29
 1.98257176D+29
 1.08695824D+29
 1.34200103D+29
 1.00423073D+29
 1.06001657D+29
 9.50619779D+28
 7.96555827D+28
 7.26677745D+28
 6.72463080D+28
 7.15117423D+28
 1.11725951D+29
 1.96762255D+29
 6.65726390D+29
 5.55179968D+30
 0.00000000D+00
 0.00000000D+00
 6.12983691D+31
 1.37008946D+31
 8.98429901D+30
 6.84929273D+30
 5.52647427D+30
 4.46812623D+30
 3.86823594D+30
 3.37488122D+30
 2.92719221D+30
 2.61532119D+30
 2.35935387D+30
 2.17123271D+30
 1.86819322D+30
 1.82588773D+30
 1.73479792D+30
 1.53794395D+30
 1.49680772D+30
 1.28992813D+30
 1.20013008D+30
 1.16061308D+30
 1.06904004D+30
 8.35142891D+29
 8.58197311D+29
 7.82478086D+29
 8.06156485D+29
 7.06020810D+29
 6.11195436D+29
 6.30913460D+29
 5.83730756D+29
 5.72971866D+29
 5.00116061D+29
 5.51305724D+29
 4.63575304D+29
 4.64377367D+29
 4.13282777D+29
 4.27145291D+29
 3.53865967D+29
 3.49038242D+29
 3.20715831D+29
 3.08885489D+29
 3.14368095D+29
 2.93216230D+29
 2.55615818D+29
 2.31551959D+29
 2.06211660D+29
 2.32816820D+29
 2.13640606D+29
 1.52414631D+29
 1.57422883D+29
 1.72437113D+29
 1.11614891D+29
 1.19912102D+29
 1.01983057D+29
 1.05233348D+29
 9.34434318D+28
 7.45829172D+28
 7.58624717D+28
 6.43547750D+28
 7.89619802D+28
 9.54065689D+28
 1.90747915D+29
 6.34002578D+29
 5.22816298D+30
 0.00000000D+00
 0.00000000D+00
 6.09114014D+31
 1.33378643D+31
 8.89414306D+30
 6.83423450D+30
 5.48771449D+30
 4.42745395D+30
 3.76308507D+30
 3.33542228D+30
 2.92512495D+30
 2.60153604D+30
 2.34151838D+30
 2.15479345D+30
 1.86434428D+30
 1.80403808D+30
 1.71910734D+30
 1.49294058D+30
 1.43849883D+30
 1.29267623D+30
 1.22669354D+30
 1.16067420D+30
 1.02408560D+30
 8.48069667D+29
 8.41577906D+29
 7.65569667D+29
 7.64852925D+29
 7.07235746D+29
 5.92120410D+29
 6.10205789D+29
 5.72877409D+29
 5.85946032D+29
 4.95756312D+29
 5.26111167D+29
 4.55359288D+29
 4.55049492D+29
 3.75103633D+29
 4.07588632D+29
 3.35531933D+29
 3.24100438D+29
 2.87046609D+29
 2.89420766D+29
 3.04950726D+29
 2.65025899D+29
 2.44883293D+29
 2.34898733D+29
 1.93022825D+29
 2.26103548D+29
 1.86101135D+29
 1.30133172D+29
 1.42776645D+29
 1.85445365D+29
 1.05891886D+29
 1.18377178D+29
 9.98217118D+28
 9.97274334D+28
 8.39628278D+28
 7.66985153D+28
 6.53982679D+28
 6.41605032D+28
 7.15571474D+28
 1.03931885D+29
 1.94410747D+29
 6.37817907D+29
 5.20069410D+30
 0.00000000D+00
 0.00000000D+00
 6.01058190D+31
 1.34281191D+31
 8.85376140D+30
 6.77051553D+30
 5.42929071D+30
 4.38182558D+30
 3.74857183D+30
 3.31199117D+30
 2.91592318D+30
 2.60569902D+30
 2.29521456D+30
 2.10565713D+30
 1.87745108D+30
 1.81574448D+30
 1.71454356D+30
 1.51152334D+30
 1.43406648D+30
 1.29281668D+30
 1.21741026D+30
 1.14861422D+30
 1.05131054D+30
 8.40350361D+29
 8.60545466D+29
 7.80875453D+29
 7.82272941D+29
 7.01573555D+29
 6.24918335D+29
 6.33467012D+29
 6.07922837D+29
 5.90839208D+29
 5.14216310D+29
 5.40739985D+29
 4.63024726D+29
 4.69375741D+29
 3.98539856D+29
 4.34598381D+29
 3.51314321D+29
 3.47820090D+29
 3.16731022D+29
 2.97505866D+29
 3.34810650D+29
 2.83501337D+29
 2.55746597D+29
 2.34376531D+29
 2.00475799D+29
 2.28332243D+29
 2.12569569D+29
 1.56688006D+29
 1.43646169D+29
 1.76949766D+29
 1.18548921D+29
 1.23162840D+29
 1.03315084D+29
 1.08148641D+29
 9.21003795D+28
 7.44090167D+28
 7.62210295D+28
 6.66166401D+28
 7.28521475D+28
 9.48527289D+28
 1.91393789D+29
 6.01696157D+29
 4.92799688D+30
 0.00000000D+00
 0.00000000D+00
 5.29760943D+31
 1.17151236D+31
 7.72395385D+30
 5.96953932D+30
 4.77524407D+30
 3.81395314D+30
 3.23231695D+30
 2.91296888D+30
 2.51643276D+30
 2.27670403D+30
 2.00022623D+30
 1.86925379D+30
 1.61650869D+30
 1.54446859D+30
 1.50933509D+30
 1.30558635D+30
 1.28097018D+30
 1.13438097D+30
 1.07031515D+30
 9.79794439D+29
 8.91038936D+29
 7.06111068D+29
 7.45847444D+29
 6.77469374D+29
 6.65808790D+29
 6.33370318D+29
 5.28351050D+29
 5.11374272D+29
 4.90212176D+29
 4.89011791D+29
 4.33322089D+29
 4.50857718D+29
 4.03619137D+29
 4.08608401D+29
 3.36334160D+29
 3.73340389D+29
 2.97435059D+29
 3.06644037D+29
 2.67785142D+29
 2.50235062D+29
 2.71274520D+29
 2.45653244D+29
 2.10670924D+29
 2.07962654D+29
 1.81606862D+29
 2.04824960D+29
 1.60208007D+29
 1.24634956D+29
 1.32927958D+29
 1.60696981D+29
 1.05075324D+29
 1.10972735D+29
 8.40292989D+28
 8.13799058D+28
 7.02777403D+28
 6.63535290D+28
 6.21305318D+28
 5.73006588D+28
 6.52900122D+28
 9.27348994D+28
 1.80223992D+29
 5.38987592D+29
 4.46334440D+30
 0.00000000D+00
 0.00000000D+00
 4.80292564D+31
 1.06862824D+31
 7.03346275D+30
 5.37991061D+30
 4.28460100D+30
 3.46474334D+30
 2.94625378D+30
 2.58204577D+30
 2.29400111D+30
 2.05685877D+30
 1.81262054D+30
 1.70846620D+30
 1.46559844D+30
 1.42927468D+30
 1.35699914D+30
 1.18146528D+30
 1.12584521D+30
 1.04315964D+30
 9.63645962D+29
 8.79098727D+29
 8.29973213D+29
 6.68448625D+29
 6.44956188D+29
 6.21959639D+29
 6.13117437D+29
 5.49919900D+29
 4.59718334D+29
 5.02948916D+29
 4.48762902D+29
 4.53203644D+29
 4.01221014D+29
 4.20710491D+29
 3.60388953D+29
 3.62133905D+29
 3.07105635D+29
 3.30756181D+29
 2.79272628D+29
 2.64317137D+29
 2.40161286D+29
 2.38553131D+29
 2.51078604D+29
 2.17824572D+29
 1.95466237D+29
 1.79627519D+29
 1.63504367D+29
 1.78443643D+29
 1.59083962D+29
 1.23762818D+29
 1.19205986D+29
 1.55311396D+29
 8.94293376D+28
 9.42611420D+28
 7.22140990D+28
 7.98620123D+28
 7.04466414D+28
 6.14808545D+28
 6.27246868D+28
 4.83566588D+28
 6.57870931D+28
 8.93394877D+28
 1.56099624D+29
 5.10929882D+29
 4.18998784D+30
 0.00000000D+00
 0.00000000D+00
 4.46352390D+31
 9.86601063D+30
 6.52335213D+30
 4.99532520D+30
 4.01366399D+30
 3.22618535D+30
 2.73298678D+30
 2.44027731D+30
 2.10164310D+30
 1.83598288D+30
 1.73792353D+30
 1.56468409D+30
 1.38227241D+30
 1.29572694D+30
 1.25362320D+30
 1.11207256D+30
 1.03744857D+30
 9.43081278D+29
 8.93982631D+29
 8.40541315D+29
 7.49269672D+29
 6.12008025D+29
 5.99176842D+29
 5.66777470D+29
 5.59109763D+29
 5.21892032D+29
 4.43874320D+29
 4.46068598D+29
 4.19493203D+29
 4.15437870D+29
 3.64145167D+29
 3.87721578D+29
 3.39151417D+29
 3.45242131D+29
 2.72473011D+29
 3.18216494D+29
 2.50118645D+29
 2.39703619D+29
 2.23959337D+29
 2.23172872D+29
 2.27347359D+29
 1.86958981D+29
 1.84594165D+29
 1.69717992D+29
 1.58778565D+29
 1.68974174D+29
 1.50149487D+29
 1.08384366D+29
 1.09307626D+29
 1.36704840D+29
 8.57664205D+28
 9.76864160D+28
 7.06950595D+28
 7.44506907D+28
 6.18862133D+28
 5.91909203D+28
 6.07325492D+28
 5.18695619D+28
 5.74569773D+28
 8.07359028D+28
 1.50801664D+29
 4.64691918D+29
 3.88559346D+30
 0.00000000D+00
 0.00000000D+00
 4.75966207D+31
 1.05457914D+31
 6.96129078D+30
 5.41165490D+30
 4.28664979D+30
 3.43542494D+30
 2.97600994D+30
 2.63676254D+30
 2.27849785D+30
 2.03551115D+30
 1.82641368D+30
 1.66540591D+30
 1.45277947D+30
 1.43375988D+30
 1.34485232D+30
 1.17302170D+30
 1.14233928D+30
 1.02126336D+30
 9.74574498D+29
 8.99591449D+29
 8.21797687D+29
 6.42588474D+29
 6.75121222D+29
 6.11245325D+29
 6.22001671D+29
 5.66621193D+29
 4.80819388D+29
 4.87540533D+29
 4.42015960D+29
 4.43486744D+29
 3.93192526D+29
 4.26757910D+29
 3.79863275D+29
 3.68122196D+29
 2.96086944D+29
 3.38142486D+29
 2.75220960D+29
 2.61180004D+29
 2.45517576D+29
 2.26270128D+29
 2.45867451D+29
 2.16841944D+29
 1.97436526D+29
 1.82586991D+29
 1.57830219D+29
 1.79581956D+29
 1.43157206D+29
 1.11576958D+29
 1.16593265D+29
 1.40762951D+29
 8.91653674D+28
 9.01997297D+28
 8.09095402D+28
 7.42842787D+28
 6.96923356D+28
 5.88697792D+28
 5.41795529D+28
 5.13637584D+28
 5.68695728D+28
 8.02262470D+28
 1.55186266D+29
 4.90264835D+29
 4.00210744D+30
 0.00000000D+00
 0.00000000D+00
 4.32390147D+31
 9.56273695D+30
 6.35652066D+30
 4.90859804D+30
 3.90735655D+30
 3.13896579D+30
 2.69964341D+30
 2.39334167D+30
 2.06804680D+30
 1.89544557D+30
 1.68624007D+30
 1.52696932D+30
 1.35856275D+30
 1.29652941D+30
 1.24468592D+30
 1.08956437D+30
 1.04473593D+30
 9.33019697D+29
 8.65179144D+29
 8.16302766D+29
 7.75385248D+29
 6.03032258D+29
 6.15352028D+29
 5.63465463D+29
 5.58784814D+29
 5.28482524D+29
 4.32720563D+29
 4.45463140D+29
 4.19098565D+29
 4.18107282D+29
 3.62711741D+29
 3.75412073D+29
 3.43355653D+29
 3.19726174D+29
 2.92790403D+29
 3.14357754D+29
 2.48649155D+29
 2.52801494D+29
 2.27848705D+29
 2.17144014D+29
 2.39949227D+29
 1.95929161D+29
 1.76609709D+29
 1.70598325D+29
 1.54178894D+29
 1.65305570D+29
 1.48495942D+29
 1.07498528D+29
 1.12768349D+29
 1.39659776D+29
 8.74680411D+28
 8.54967944D+28
 7.55011038D+28
 7.76824520D+28
 6.35521301D+28
 5.62879887D+28
 4.88828718D+28
 4.96270130D+28
 4.98428850D+28
 6.92972874D+28
 1.23062263D+29
 4.10734396D+29
 3.43642818D+30
 0.00000000D+00
 0.00000000D+00
 3.99525223D+31
 8.87364927D+30
 5.85486927D+30
 4.50205734D+30
 3.66712317D+30
 2.94321591D+30
 2.52551062D+30
 2.20858192D+30
 1.89367535D+30
 1.71794623D+30
 1.54136542D+30
 1.43524816D+30
 1.23053234D+30
 1.16869975D+30
 1.13036476D+30
 9.95736268D+29
 9.68421608D+29
 8.31251986D+29
 8.24431742D+29
 7.46163043D+29
 7.06405344D+29
 5.35924937D+29
 5.64970772D+29
 5.10549232D+29
 4.85221190D+29
 4.73753010D+29
 4.02298271D+29
 3.99837298D+29
 3.75106607D+29
 3.67343053D+29
 3.12283867D+29
 3.52856623D+29
 3.15693649D+29
 2.99203340D+29
 2.57049491D+29
 2.72330048D+29
 2.20660952D+29
 2.20649575D+29
 2.01340771D+29
 1.93869304D+29
 2.14501241D+29
 1.83313000D+29
 1.56147280D+29
 1.53026864D+29
 1.27948813D+29
 1.46204783D+29
 1.31381793D+29
 8.66302609D+28
 1.00469720D+29
 1.23579044D+29
 7.01698372D+28
 7.82549530D+28
 6.55073919D+28
 6.57785757D+28
 5.54023352D+28
 4.80293250D+28
 4.71458869D+28
 4.44254759D+28
 4.56540522D+28
 6.01169428D+28
 1.20551794D+29
 4.03863287D+29
 3.32955929D+30
 0.00000000D+00
 0.00000000D+00
 4.13488003D+31
 9.14992628D+30
 6.04690597D+30
 4.66733678D+30
 3.73942495D+30
 3.02237622D+30
 2.57449380D+30
 2.29267590D+30
 1.96231506D+30
 1.77047405D+30
 1.61283902D+30
 1.46495210D+30
 1.26296361D+30
 1.25134434D+30
 1.18654037D+30
 1.05019833D+30
 9.77216213D+29
 8.71529572D+29
 8.53030814D+29
 8.04434170D+29
 6.90154353D+29
 5.92077194D+29
 5.89275514D+29
 5.23114909D+29
 5.34249313D+29
 4.90229353D+29
 4.16267667D+29
 4.27206200D+29
 3.97608224D+29
 3.88047319D+29
 3.47414854D+29
 3.77477122D+29
 3.13115843D+29
 3.24494355D+29
 2.57726432D+29
 2.91787598D+29
 2.46314345D+29
 2.21473483D+29
 2.05099623D+29
 2.03419768D+29
 2.15829222D+29
 1.88590326D+29
 1.72308329D+29
 1.58621352D+29
 1.36045862D+29
 1.49393681D+29
 1.31371973D+29
 9.86718683D+28
 1.00728342D+29
 1.23435814D+29
 7.36961586D+28
 7.77870871D+28
 7.08998354D+28
 6.67248537D+28
 5.69276081D+28
 5.20897360D+28
 5.08244535D+28
 3.90957723D+28
 4.91697011D+28
 7.26314682D+28
 1.33575044D+29
 4.04739206D+29
 3.37726606D+30
 0.00000000D+00
 0.00000000D+00
 3.71704009D+31
 8.27621539D+30
 5.45915542D+30
 4.20942049D+30
 3.36702954D+30
 2.68935146D+30
 2.30292087D+30
 2.08006940D+30
 1.81579472D+30
 1.59979802D+30
 1.44751802D+30
 1.30635529D+30
 1.16555333D+30
 1.11718862D+30
 1.04306518D+30
 9.40116832D+29
 9.02441908D+29
 8.00428452D+29
 7.75720366D+29
 7.21158013D+29
 6.52770464D+29
 5.20879615D+29
 5.33603526D+29
 4.77686388D+29
 4.91059570D+29
 4.45914037D+29
 3.88992029D+29
 3.85053556D+29
 3.69130369D+29
 3.60998169D+29
 3.13880963D+29
 3.30658744D+29
 2.90602674D+29
 2.89051562D+29
 2.42641410D+29
 2.65703250D+29
 2.16845639D+29
 2.13597821D+29
 1.93269585D+29
 1.83187741D+29
 2.05991370D+29
 1.82963810D+29
 1.59427215D+29
 1.50166895D+29
 1.21625337D+29
 1.44885160D+29
 1.26010626D+29
 9.44209061D+28
 1.03961729D+29
 1.16482601D+29
 6.96548874D+28
 7.67037621D+28
 6.52358923D+28
 6.32434533D+28
 5.25290106D+28
 4.65713967D+28
 4.53852628D+28
 3.79065861D+28
 4.52697185D+28
 6.65479798D+28
 1.16522785D+29
 3.92474096D+29
 3.04178597D+30
 0.00000000D+00
 0.00000000D+00
 3.18059476D+31
 7.03232631D+30
 4.60792487D+30
 3.56181812D+30
 2.91048603D+30
 2.28192332D+30
 1.97727257D+30
 1.74007769D+30
 1.55809475D+30
 1.37672689D+30
 1.22637061D+30
 1.13023974D+30
 9.83948441D+29
 9.56534135D+29
 8.79521041D+29
 7.95001518D+29
 7.79119723D+29
 7.02663427D+29
 6.40743112D+29
 5.92151680D+29
 5.60944410D+29
 4.55646633D+29
 4.51095900D+29
 4.09504527D+29
 3.96297641D+29
 3.74074344D+29
 3.32016416D+29
 3.23513628D+29
 3.07312590D+29
 3.18597965D+29
 2.70351008D+29
 2.76758969D+29
 2.47244510D+29
 2.54252905D+29
 2.09930654D+29
 2.25177004D+29
 1.78619880D+29
 1.85573587D+29
 1.62226864D+29
 1.51824763D+29
 1.75755922D+29
 1.37821024D+29
 1.32407220D+29
 1.31923277D+29
 1.16009965D+29
 1.23628465D+29
 1.10464089D+29
 7.47075341D+28
 7.72689586D+28
 1.05541248D+29
 6.00072873D+28
 6.54260593D+28
 5.49328115D+28
 5.44571413D+28
 4.79305208D+28
 4.21262363D+28
 3.78223224D+28
 3.59409020D+28
 3.81082887D+28
 5.58710168D+28
 1.05017697D+29
 3.23465502D+29
 2.63344311D+30
 0.00000000D+00
 0.00000000D+00
 3.21445072D+31
 7.11298804D+30
 4.69030633D+30
 3.61338177D+30
 2.91670161D+30
 2.32171057D+30
 2.03561147D+30
 1.76824280D+30
 1.54661398D+30
 1.35710411D+30
 1.23250373D+30
 1.13974978D+30
 9.81363314D+29
 9.69034441D+29
 8.81677692D+29
 7.85741096D+29
 7.70164968D+29
 6.76426303D+29
 6.52860211D+29
 6.04553324D+29
 5.80983270D+29
 4.45309045D+29
 4.68249858D+29
 4.12474977D+29
 4.11795805D+29
 3.83417559D+29
 3.28100267D+29
 3.34858491D+29
 3.11873231D+29
 3.10080906D+29
 2.62272402D+29
 2.89355527D+29
 2.46097434D+29
 2.46377033D+29
 2.05621288D+29
 2.27775625D+29
 1.91407847D+29
 1.81579447D+29
 1.75292314D+29
 1.56153569D+29
 1.74525625D+29
 1.49140153D+29
 1.27549055D+29
 1.18441707D+29
 1.10253835D+29
 1.25887483D+29
 1.09699453D+29
 8.22515294D+28
 8.08244134D+28
 9.69039503D+28
 6.03890949D+28
 6.46913670D+28
 5.71710741D+28
 5.15081835D+28
 4.17312513D+28
 3.84873388D+28
 3.91755103D+28
 3.53249956D+28
 3.68609409D+28
 5.62836313D+28
 9.99598087D+28
 3.33035194D+29
 2.74819189D+30
 0.00000000D+00
 0.00000000D+00
 2.62777992D+31
 5.86022374D+30
 3.81915995D+30
 2.90226387D+30
 2.37615367D+30
 1.91148148D+30
 1.64637223D+30
 1.44117898D+30
 1.23992488D+30
 1.10498118D+30
 1.00410121D+30
 9.42200650D+29
 8.09392020D+29
 7.66482507D+29
 7.36731939D+29
 6.47727397D+29
 6.32053684D+29
 5.69070457D+29
 5.52575691D+29
 4.88736515D+29
 4.52528363D+29
 3.74635110D+29
 3.73460259D+29
 3.37342683D+29
 3.32936918D+29
 3.14971435D+29
 2.59857886D+29
 2.62300778D+29
 2.48929869D+29
 2.43412224D+29
 2.17273252D+29
 2.35685177D+29
 2.02277608D+29
 2.10294590D+29
 1.77871336D+29
 1.94178931D+29
 1.49407869D+29
 1.60543694D+29
 1.38267582D+29
 1.31337925D+29
 1.43195759D+29
 1.31614092D+29
 1.09423296D+29
 9.68706069D+28
 9.96929033D+28
 1.03616338D+29
 9.45878969D+28
 6.69628888D+28
 6.96093559D+28
 8.01584708D+28
 5.55695786D+28
 5.93900127D+28
 4.55157948D+28
 5.00959078D+28
 4.67890132D+28
 3.94280700D+28
 3.61294692D+28
 3.07973396D+28
 3.59252617D+28
 4.91686644D+28
 9.10916733D+28
 2.92660510D+29
 2.31275710D+30
 0.00000000D+00
 0.00000000D+00
 2.62682249D+31
 5.88724374D+30
 3.82777315D+30
 2.94002395D+30
 2.36326022D+30
 1.92105617D+30
 1.64967396D+30
 1.44320924D+30
 1.23875110D+30
 1.11595342D+30
 1.02262647D+30
 9.28144567D+29
 8.21672867D+29
 7.80747258D+29
 7.57748463D+29
 6.50155914D+29
 6.44895749D+29
 5.65426379D+29
 5.34281846D+29
 5.05220491D+29
 4.45778443D+29
 3.71966298D+29
 3.68482614D+29
 3.52789810D+29
 3.45710676D+29
 3.16686811D+29
 2.83439129D+29
 2.71054946D+29
 2.50558119D+29
 2.47425825D+29
 2.30532110D+29
 2.39794356D+29
 2.07451209D+29
 1.99404378D+29
 1.65586805D+29
 1.72321695D+29
 1.46419000D+29
 1.57560993D+29
 1.29416667D+29
 1.24412583D+29
 1.41183512D+29
 1.25229308D+29
 1.08944574D+29
 1.16532416D+29
 1.02961737D+29
 1.09604538D+29
 9.55477522D+28
 6.84991288D+28
 7.20301233D+28
 7.83262867D+28
 5.42314205D+28
 4.96801252D+28
 4.69168087D+28
 4.67176742D+28
 4.17487229D+28
 3.17335872D+28
 3.70799256D+28
 3.47695873D+28
 3.57727744D+28
 5.17576120D+28
 8.62242074D+28
 2.81293629D+29
 2.28254943D+30
 0.00000000D+00
 0.00000000D+00
 2.57884135D+31
 5.70286709D+30
 3.78186598D+30
 2.87563712D+30
 2.31672635D+30
 1.89164300D+30
 1.59934694D+30
 1.41107642D+30
 1.20167780D+30
 1.10117151D+30
 9.83526894D+29
 9.24163778D+29
 7.88033168D+29
 7.94876056D+29
 7.43753122D+29
 6.36737276D+29
 6.20513717D+29
 5.46913281D+29
 5.18130086D+29
 4.83599734D+29
 4.50962348D+29
 3.46976095D+29
 3.53657339D+29
 3.38297612D+29
 3.23856019D+29
 3.00299416D+29
 2.51743958D+29
 2.62166036D+29
 2.53157602D+29
 2.48621453D+29
 2.11620770D+29
 2.28745300D+29
 2.00181455D+29
 1.95296209D+29
 1.73798448D+29
 1.85376431D+29
 1.50121027D+29
 1.46171366D+29
 1.26099163D+29
 1.30785484D+29
 1.42030970D+29
 1.20121762D+29
 1.10325779D+29
 9.88423745D+28
 9.19427244D+28
 9.95404186D+28
 8.42448840D+28
 6.81846817D+28
 6.35937068D+28
 8.21059466D+28
 5.04038715D+28
 5.13039339D+28
 4.00376824D+28
 5.22448335D+28
 3.69245334D+28
 3.39450529D+28
 3.20940079D+28
 2.87745043D+28
 3.27478887D+28
 4.55531694D+28
 8.63607808D+28
 2.75482482D+29
 2.19545381D+30
 0.00000000D+00
 0.00000000D+00
 2.20766488D+31
 4.88809567D+30
 3.23510171D+30
 2.49407118D+30
 1.97713179D+30
 1.58636613D+30
 1.38170092D+30
 1.21233107D+30
 1.06816787D+30
 9.64582663D+29
 8.45537555D+29
 7.95452267D+29
 6.89024623D+29
 6.54941797D+29
 6.10686633D+29
 5.43478805D+29
 5.21441222D+29
 4.63099294D+29
 4.52450878D+29
 4.31715800D+29
 3.71073508D+29
 3.12975265D+29
 3.14404207D+29
 2.84194724D+29
 2.73439013D+29
 2.52203378D+29
 2.11211534D+29
 2.32363873D+29
 2.07727145D+29
 2.21012821D+29
 1.88000069D+29
 2.03893302D+29
 1.75091664D+29
 1.68926580D+29
 1.36118024D+29
 1.52784061D+29
 1.24798727D+29
 1.17019222D+29
 1.09892862D+29
 1.15085387D+29
 1.15537292D+29
 1.00138306D+29
 8.82832819D+28
 8.23552225D+28
 7.72276346D+28
 8.61718675D+28
 7.84604288D+28
 5.41160657D+28
 6.06338240D+28
 6.84170332D+28
 4.19608663D+28
 4.49880886D+28
 3.21586950D+28
 3.34408597D+28
 3.30454537D+28
 2.52752113D+28
 2.84334497D+28
 2.53211848D+28
 2.62909653D+28
 4.22762765D+28
 7.31569116D+28
 2.28310633D+29
 1.81790014D+30
 0.00000000D+00
 0.00000000D+00
 2.25728628D+31
 4.97253303D+30
 3.34008043D+30
 2.53679969D+30
 2.03022364D+30
 1.63598236D+30
 1.42457143D+30
 1.24321654D+30
 1.09024776D+30
 9.82548147D+29
 8.57774800D+29
 8.27991570D+29
 7.08236297D+29
 6.80294147D+29
 6.29260065D+29
 5.64780068D+29
 5.26772699D+29
 4.75365654D+29
 4.60703695D+29
 4.19291585D+29
 3.99524272D+29
 3.11150537D+29
 3.23694933D+29
 2.85524020D+29
 2.88827294D+29
 2.65757739D+29
 2.24280836D+29
 2.26638380D+29
 2.23532788D+29
 2.03469046D+29
 1.96817578D+29
 1.93383498D+29
 1.78873745D+29
 1.74938882D+29
 1.52204971D+29
 1.60692855D+29
 1.28780657D+29
 1.27648580D+29
 1.07865059D+29
 1.16947694D+29
 1.18042091D+29
 1.12678092D+29
 9.19219689D+28
 8.61325458D+28
 7.92271726D+28
 8.76841525D+28
 8.05114082D+28
 6.36940950D+28
 5.37977874D+28
 7.10156007D+28
 4.82347797D+28
 4.39099419D+28
 4.27762650D+28
 3.86503932D+28
 3.14674501D+28
 3.24261582D+28
 2.82825201D+28
 2.38872906D+28
 3.23675335D+28
 3.97732609D+28
 7.05707360D+28
 2.40653214D+29
 1.91568796D+30
 0.00000000D+00
 0.00000000D+00
 2.19029397D+31
 4.83748009D+30
 3.19906685D+30
 2.43321594D+30
 1.96676522D+30
 1.58303928D+30
 1.34887709D+30
 1.21207978D+30
 1.05388887D+30
 9.39728544D+29
 8.30899435D+29
 7.73381468D+29
 6.57018837D+29
 6.84400568D+29
 6.16763235D+29
 5.21341345D+29
 5.13337735D+29
 4.66965344D+29
 4.53850207D+29
 4.39758497D+29
 3.88993144D+29
 3.07351259D+29
 3.12767610D+29
 2.79759731D+29
 2.85237906D+29
 2.68415026D+29
 2.25278382D+29
 2.36514753D+29
 2.05837473D+29
 2.20411429D+29
 1.92282575D+29
 1.87274502D+29
 1.71892062D+29
 1.71368060D+29
 1.42566801D+29
 1.57273595D+29
 1.30643764D+29
 1.29341644D+29
 1.11015635D+29
 1.04213647D+29
 1.20222129D+29
 1.00553836D+29
 9.35389994D+28
 8.67782382D+28
 7.25992457D+28
 8.80645708D+28
 7.30516240D+28
 5.86151987D+28
 5.47813767D+28
 7.28536473D+28
 4.15042885D+28
 4.63106275D+28
 3.71055647D+28
 4.39077948D+28
 3.24939818D+28
 2.78118808D+28
 2.72837326D+28
 2.43789801D+28
 2.56121821D+28
 4.23384218D+28
 7.46665811D+28
 2.23240038D+29
 1.80187126D+30
 0.00000000D+00
 0.00000000D+00
 1.80800320D+31
 3.91308852D+30
 2.61354243D+30
 1.97137635D+30
 1.61062482D+30
 1.26558407D+30
 1.11352379D+30
 9.91476252D+29
 8.61677764D+29
 7.49312492D+29
 6.75679788D+29
 6.06352562D+29
 5.25638065D+29
 5.28347135D+29
 4.92139570D+29
 4.32585139D+29
 4.15806848D+29
 3.68287471D+29
 3.72486752D+29
 3.26238144D+29
 3.00409824D+29
 2.56212090D+29
 2.51233966D+29
 2.37395196D+29
 2.20652716D+29
 2.09245576D+29
 1.81300406D+29
 1.77285816D+29
 1.54688889D+29
 1.69318491D+29
 1.36880114D+29
 1.61585329D+29
 1.45098124D+29
 1.34308301D+29
 1.06529742D+29
 1.25552785D+29
 9.91634736D+28
 9.83127948D+28
 8.98944184D+28
 9.01804162D+28
 9.36464815D+28
 7.97466035D+28
 6.79849368D+28
 6.64983540D+28
 6.78889770D+28
 6.99887217D+28
 6.58232652D+28
 4.30293720D+28
 5.06104577D+28
 5.62837260D+28
 3.71949437D+28
 4.27867901D+28
 3.14553252D+28
 2.88550000D+28
 2.67613099D+28
 2.39808375D+28
 2.41512595D+28
 1.86106913D+28
 2.46487799D+28
 3.80597260D+28
 6.69253879D+28
 2.11821658D+29
 1.64594949D+30
 0.00000000D+00
 0.00000000D+00
 1.61643026D+31
 3.54925995D+30
 2.33493984D+30
 1.77385567D+30
 1.42538739D+30
 1.14326936D+30
 9.84143450D+29
 8.90456889D+29
 7.64429833D+29
 6.83214800D+29
 5.94886410D+29
 5.73209822D+29
 4.75553713D+29
 4.73896182D+29
 4.52766188D+29
 3.99875859D+29
 3.60637938D+29
 3.47115318D+29
 3.18273298D+29
 2.93322691D+29
 2.71939758D+29
 2.22094757D+29
 2.19863767D+29
 2.11049395D+29
 2.01870035D+29
 1.80656566D+29
 1.60290713D+29
 1.67792124D+29
 1.56757529D+29
 1.41802807D+29
 1.25134550D+29
 1.40534830D+29
 1.26637373D+29
 1.18441455D+29
 1.02636285D+29
 1.12724402D+29
 9.28700256D+28
 9.28867816D+28
 7.56088385D+28
 7.57958269D+28
 8.26691223D+28
 7.27609003D+28
 6.91032261D+28
 6.47129328D+28
 5.70568849D+28
 5.80548016D+28
 6.28861586D+28
 4.10500684D+28
 4.12818726D+28
 5.15388535D+28
 2.85141981D+28
 3.54365824D+28
 2.77888099D+28
 2.85113353D+28
 3.10829902D+28
 2.60660655D+28
 2.14980985D+28
 2.04554845D+28
 2.49908869D+28
 3.14483050D+28
 5.38087874D+28
 1.88741232D+29
 1.44984473D+30
 0.00000000D+00
 0.00000000D+00
 1.67674030D+31
 3.68923255D+30
 2.44463787D+30
 1.84017521D+30
 1.51843573D+30
 1.19638038D+30
 1.05653578D+30
 9.32605654D+29
 8.16777413D+29
 7.13894556D+29
 6.24189487D+29
 5.87301212D+29
 5.26455274D+29
 5.16702707D+29
 4.68133598D+29
 3.99157810D+29
 4.11782817D+29
 3.51030144D+29
 3.44875806D+29
 3.27226149D+29
 2.86089027D+29
 2.30233851D+29
 2.38842805D+29
 2.16096253D+29
 2.06576249D+29
 1.95807623D+29
 1.68226010D+29
 1.74206031D+29
 1.72690726D+29
 1.54364538D+29
 1.40924090D+29
 1.52732719D+29
 1.25325391D+29
 1.29225700D+29
 1.09021933D+29
 1.20689863D+29
 1.03034975D+29
 8.93196650D+28
 8.59053305D+28
 7.92108035D+28
 8.86953175D+28
 7.85035500D+28
 7.06242047D+28
 6.81899863D+28
 5.90921267D+28
 6.02835916D+28
 5.46863985D+28
 3.99571024D+28
 3.98419160D+28
 5.40569989D+28
 3.21461491D+28
 3.63300351D+28
 2.84931479D+28
 2.80651352D+28
 2.39204657D+28
 2.57217692D+28
 2.17581941D+28
 1.96003431D+28
 2.67388494D+28
 2.97307653D+28
 5.66234873D+28
 1.74990714D+29
 1.37391470D+30
 0.00000000D+00
 0.00000000D+00
 1.32157581D+31
 2.84894044D+30
 1.89082711D+30
 1.41563144D+30
 1.13299109D+30
 9.59981932D+29
 8.08387138D+29
 6.97681171D+29
 6.13405481D+29
 5.64786186D+29
 4.95192591D+29
 4.62048978D+29
 4.00670663D+29
 3.89141200D+29
 3.67746837D+29
 3.14704295D+29
 2.87572695D+29
 2.72144754D+29
 2.51700784D+29
 2.42971645D+29
 2.27082927D+29
 1.67923514D+29
 1.76287944D+29
 1.55558965D+29
 1.58258700D+29
 1.43979372D+29
 1.35005692D+29
 1.24013398D+29
 1.19288513D+29
 1.18986454D+29
 1.07161405D+29
 1.07348951D+29
 9.87312508D+28
 9.48203221D+28
 8.38049043D+28
 9.20376606D+28
 6.35458598D+28
 6.94702986D+28
 6.36221456D+28
 5.60117265D+28
 7.40883650D+28
 6.32384013D+28
 4.95206913D+28
 5.63662426D+28
 4.25901711D+28
 5.20054933D+28
 4.42736780D+28
 2.91790461D+28
 3.45912926D+28
 3.59846442D+28
 3.08897498D+28
 2.77609395D+28
 2.08394813D+28
 2.56458203D+28
 2.05353488D+28
 2.18050097D+28
 2.04215095D+28
 1.85514141D+28
 1.98888986D+28
 2.72567463D+28
 4.92440924D+28
 1.60999714D+29
 1.27666102D+30
 0.00000000D+00
 0.00000000D+00
 1.13608281D+31
 2.48862551D+30
 1.63457249D+30
 1.25271144D+30
 1.02060543D+30
 7.92938248D+29
 6.80054875D+29
 6.01662865D+29
 5.42764594D+29
 4.75662762D+29
 4.15822020D+29
 4.00876860D+29
 3.64511218D+29
 3.36944572D+29
 3.07275394D+29
 2.79363670D+29
 2.53398595D+29
 2.40715900D+29
 2.39128750D+29
 1.95676217D+29
 1.94199707D+29
 1.59273870D+29
 1.60917029D+29
 1.50307563D+29
 1.41911868D+29
 1.28084950D+29
 1.19177073D+29
 1.13792581D+29
 1.16149009D+29
 1.11897142D+29
 9.93331799D+28
 1.04965443D+29
 9.49041860D+28
 8.62942531D+28
 6.59871511D+28
 8.73597275D+28
 7.11963268D+28
 6.18625213D+28
 5.44276079D+28
 5.67296524D+28
 6.62072725D+28
 5.07231602D+28
 5.08610808D+28
 4.51566161D+28
 4.37041793D+28
 4.50739311D+28
 4.01999580D+28
 2.65550605D+28
 3.25968749D+28
 3.97724505D+28
 2.38993313D+28
 2.83680258D+28
 2.39256019D+28
 2.26601089D+28
 1.96913219D+28
 2.02645596D+28
 1.87277302D+28
 1.28887550D+28
 1.54503900D+28
 2.26090728D+28
 3.89409024D+28
 1.22108083D+29
 9.81607778D+29
 0.00000000D+00
 0.00000000D+00
 1.07468622D+31
 2.32732412D+30
 1.55036318D+30
 1.17779080D+30
 9.14757657D+29
 7.65073192D+29
 6.50287967D+29
 5.75916696D+29
 5.05555041D+29
 4.66856329D+29
 3.90008025D+29
 3.82223216D+29
 3.22983859D+29
 3.01352018D+29
 2.93861575D+29
 2.51336388D+29
 2.41376590D+29
 2.17989964D+29
 2.03342251D+29
 1.94444173D+29
 1.79219588D+29
 1.55951666D+29
 1.39780625D+29
 1.38749662D+29
 1.35357735D+29
 1.31104426D+29
 9.61694684D+28
 1.02068437D+29
 8.86920758D+28
 9.82864822D+28
 8.10217059D+28
 9.62595420D+28
 8.21182609D+28
 7.54892946D+28
 6.88102921D+28
 8.01796051D+28
 5.72010916D+28
 5.74910785D+28
 5.08090869D+28
 5.01914649D+28
 6.03987780D+28
 4.93081269D+28
 4.27299125D+28
 4.15710596D+28
 4.04914079D+28
 4.28980191D+28
 4.01034010D+28
 3.26069790D+28
 2.85605084D+28
 3.56951625D+28
 2.09257028D+28
 2.31685964D+28
 1.97524515D+28
 2.18560142D+28
 1.78646740D+28
 1.89805004D+28
 1.71128468D+28
 1.61756098D+28
 1.65854984D+28
 2.83453759D+28
 4.20699995D+28
 1.39951199D+29
 1.08793844D+30
 0.00000000D+00
 0.00000000D+00
 9.98166668D+30
 2.20158857D+30
 1.43396987D+30
 1.09246798D+30
 8.65990357D+29
 7.27408844D+29
 6.22979300D+29
 5.41363017D+29
 4.55979578D+29
 4.21203154D+29
 3.84648064D+29
 3.53983583D+29
 3.00572458D+29
 2.92966470D+29
 2.72252710D+29
 2.37285662D+29
 2.24404938D+29
 2.10409345D+29
 1.96230773D+29
 1.75725294D+29
 1.74403355D+29
 1.29009620D+29
 1.25123488D+29
 1.25148180D+29
 1.17519437D+29
 1.13420446D+29
 9.44057605D+28
 1.04186976D+29
 9.08208776D+28
 9.48678008D+28
 8.30233753D+28
 7.86349450D+28
 7.49547997D+28
 6.93666476D+28
 6.13432983D+28
 7.04162924D+28
 5.86388170D+28
 5.55942915D+28
 4.74741535D+28
 5.39260354D+28
 5.20652757D+28
 4.09217045D+28
 3.70431510D+28
 3.73102985D+28
 3.87443585D+28
 3.53066609D+28
 3.66673743D+28
 2.40745107D+28
 2.54329612D+28
 3.05498319D+28
 1.98981186D+28
 2.10006413D+28
 1.83291245D+28
 1.74796667D+28
 1.72232338D+28
 1.63621984D+28
 1.57155377D+28
 1.47765747D+28
 1.51869895D+28
 2.08950643D+28
 3.78002408D+28
 1.24964381D+29
 9.03766598D+29
 0.00000000D+00
 0.00000000D+00
 1.06803720D+31
 2.33854002D+30
 1.53612606D+30
 1.17445557D+30
 9.15366667D+29
 7.50940223D+29
 6.38143955D+29
 5.87732530D+29
 4.94834194D+29
 4.53303986D+29
 4.02855048D+29
 3.61499065D+29
 3.22966814D+29
 3.15075025D+29
 2.82504623D+29
 2.56511568D+29
 2.45666664D+29
 2.19551854D+29
 2.04381878D+29
 1.94155662D+29
 1.75681100D+29
 1.42663877D+29
 1.52857473D+29
 1.40541859D+29
 1.32921122D+29
 1.18207051D+29
 1.02273239D+29
 9.98707823D+28
 9.84625693D+28
 9.74521384D+28
 8.62635304D+28
 9.74301988D+28
 7.54372560D+28
 7.61173101D+28
 6.03934839D+28
 7.59036984D+28
 5.91024913D+28
 6.19658434D+28
 4.74218071D+28
 4.41860620D+28
 5.80274179D+28
 4.57010388D+28
 4.23725073D+28
 4.44751622D+28
 3.39100597D+28
 3.93198696D+28
 3.16262235D+28
 2.36210720D+28
 2.58646655D+28
 3.38904330D+28
 2.30661795D+28
 2.64670235D+28
 1.96154124D+28
 2.22479128D+28
 1.23253240D+28
 1.50189014D+28
 1.86969785D+28
 1.47824398D+28
 1.96391044D+28
 2.31296641D+28
 4.46984411D+28
 1.34136172D+29
 1.06653499D+30
 0.00000000D+00
 0.00000000D+00
 8.05345877D+30
 1.73911961D+30
 1.14429950D+30
 8.62770134D+29
 6.74901088D+29
 5.68235311D+29
 4.77033281D+29
 4.20967053D+29
 3.68377973D+29
 3.30442279D+29
 3.07555048D+29
 2.69718711D+29
 2.38929195D+29
 2.32373735D+29
 2.11023525D+29
 1.85756731D+29
 1.84297084D+29
 1.70420420D+29
 1.53370097D+29
 1.38832673D+29
 1.40003735D+29
 1.21010205D+29
 1.11015003D+29
 9.84120253D+28
 9.61395667D+28
 8.82333088D+28
 8.00866056D+28
 8.07414021D+28
 6.66991725D+28
 7.59948351D+28
 6.75393577D+28
 7.04680337D+28
 6.37514882D+28
 6.07559570D+28
 5.55711995D+28
 5.89213942D+28
 4.52914212D+28
 4.07497248D+28
 3.88161211D+28
 3.83685001D+28
 4.75180641D+28
 4.04087966D+28
 3.07033296D+28
 2.54216783D+28
 2.68268759D+28
 3.31401793D+28
 2.85073463D+28
 2.39192027D+28
 1.90308102D+28
 2.26587196D+28
 1.74187476D+28
 1.86756942D+28
 1.72913942D+28
 1.62197520D+28
 1.60435833D+28
 1.55587562D+28
 1.26051674D+28
 1.37505061D+28
 1.37657464D+28
 2.29269827D+28
 2.95123660D+28
 1.03878840D+29
 7.77772805D+29
 0.00000000D+00
 0.00000000D+00
 8.43879343D+30
 1.83421789D+30
 1.20452311D+30
 8.75674464D+29
 7.11726180D+29
 5.82627563D+29
 4.95227037D+29
 4.38730531D+29
 3.99685053D+29
 3.48226150D+29
 3.16895147D+29
 2.89800093D+29
 2.49803703D+29
 2.32461336D+29
 2.28389931D+29
 1.98587856D+29
 1.81670204D+29
 1.77704501D+29
 1.62025014D+29
 1.55341454D+29
 1.37431301D+29
 1.09329828D+29
 1.15846445D+29
 1.09956612D+29
 1.03260349D+29
 1.00734236D+29
 8.68048035D+28
 8.75104256D+28
 8.04655083D+28
 7.17564397D+28
 7.04940832D+28
 6.71974296D+28
 6.53252186D+28
 6.31407707D+28
 5.79988713D+28
 6.06330872D+28
 4.96125963D+28
 4.33299261D+28
 4.51566792D+28
 4.38607898D+28
 4.15580927D+28
 4.17255046D+28
 3.72437590D+28
 3.05954265D+28
 3.02116112D+28
 3.63160578D+28
 2.77457307D+28
 2.13931003D+28
 2.26231870D+28
 1.89710278D+28
 1.68950198D+28
 1.80653872D+28
 1.34948310D+28
 1.53564432D+28
 1.48191381D+28
 1.22900045D+28
 1.14765425D+28
 1.08920534D+28
 1.24424497D+28
 1.86124806D+28
 3.06648644D+28
 9.89047448D+28
 8.21617177D+29
 0.00000000D+00
 0.00000000D+00
 6.23270388D+30
 1.35295393D+30
 8.63023741D+29
 6.49074760D+29
 5.47103514D+29
 4.22015289D+29
 3.68349753D+29
 3.23075011D+29
 2.85898554D+29
 2.61609593D+29
 2.24139740D+29
 2.10334434D+29
 1.93606685D+29
 1.62069002D+29
 1.58043070D+29
 1.48078236D+29
 1.36968466D+29
 1.33585058D+29
 1.26622745D+29
 1.17378006D+29
 1.03036471D+29
 8.70141275D+28
 8.15966316D+28
 7.42121241D+28
 7.24465611D+28
 7.48058041D+28
 6.15083881D+28
 6.09018161D+28
 5.54606335D+28
 5.76926508D+28
 5.50239153D+28
 5.05852554D+28
 4.74500972D+28
 4.55201864D+28
 4.31132687D+28
 4.37568771D+28
 3.49995629D+28
 3.30354009D+28
 3.16257538D+28
 2.98504933D+28
 2.92502456D+28
 3.27404909D+28
 3.02621263D+28
 2.40721610D+28
 2.42689325D+28
 3.04388871D+28
 2.34310076D+28
 1.63942117D+28
 1.86413996D+28
 1.78668737D+28
 1.33930653D+28
 1.55314068D+28
 1.28919717D+28
 1.15643163D+28
 1.27119324D+28
 1.13000159D+28
 8.92679948D+27
 1.10809457D+28
 1.12307385D+28
 1.71111509D+28
 3.20211480D+28
 7.93450864D+28
 6.09293930D+29
 0.00000000D+00
 0.00000000D+00
 6.22650844D+30
 1.35361770D+30
 8.84020560D+29
 6.56733561D+29
 5.48205237D+29
 4.40903987D+29
 3.55559136D+29
 3.40237363D+29
 2.78781888D+29
 2.66851015D+29
 2.36380792D+29
 2.10352443D+29
 1.84596860D+29
 1.84909865D+29
 1.61011386D+29
 1.55873428D+29
 1.37136473D+29
 1.30400240D+29
 1.24523033D+29
 1.13838271D+29
 1.03003232D+29
 8.60673430D+28
 9.40164169D+28
 7.91645142D+28
 7.83760808D+28
 6.42395044D+28
 6.59478505D+28
 5.82927840D+28
 5.89389079D+28
 5.68884337D+28
 5.31516740D+28
 4.86875895D+28
 5.19394590D+28
 4.33329994D+28
 4.26680672D+28
 4.50813407D+28
 3.57392836D+28
 3.35202609D+28
 2.87958491D+28
 2.83964435D+28
 2.95833774D+28
 3.09178728D+28
 2.83689099D+28
 2.52002307D+28
 2.41168636D+28
 2.24532701D+28
 2.10211021D+28
 1.69684427D+28
 1.59543306D+28
 1.88321389D+28
 1.30393057D+28
 1.50422697D+28
 1.32190740D+28
 1.32179373D+28
 1.24162212D+28
 1.05865421D+28
 1.00003375D+28
 1.01703385D+28
 1.54997316D+28
 1.15062758D+28
 2.56706766D+28
 8.13404986D+28
 6.45619061D+29
 0.00000000D+00
 0.00000000D+00
 7.78310561D+30
 1.66022241D+30
 1.09729352D+30
 8.14209897D+29
 6.56311541D+29
 5.54115514D+29
 4.70829307D+29
 4.07153946D+29
 3.51753332D+29
 3.25132690D+29
 2.91547437D+29
 2.62850689D+29
 2.37011021D+29
 2.22822619D+29
 2.02022028D+29
 1.90800739D+29
 1.74201642D+29
 1.58249577D+29
 1.46154631D+29
 1.28868489D+29
 1.34935480D+29
 9.99448446D+28
 1.06251912D+29
 1.05065304D+29
 9.39750007D+28
 9.83434860D+28
 8.04367538D+28
 7.30609387D+28
 7.94139690D+28
 7.42421574D+28
 6.69112528D+28
 6.17059713D+28
 6.36676139D+28
 6.08860048D+28
 5.16102557D+28
 5.45100824D+28
 4.36423524D+28
 4.73170352D+28
 3.50161688D+28
 3.49423880D+28
 4.06680502D+28
 3.71759143D+28
 3.62995544D+28
 2.74403036D+28
 3.16327754D+28
 2.94382155D+28
 2.59598464D+28
 2.48869623D+28
 1.84927684D+28
 2.17454799D+28
 1.63643876D+28
 2.05457896D+28
 1.47468940D+28
 1.40237792D+28
 1.49674996D+28
 1.30175819D+28
 1.24815609D+28
 9.38685185D+27
 1.18726642D+28
 1.72840055D+28
 3.09368771D+28
 9.11594035D+28
 7.51222466D+29
 0.00000000D+00
 0.00000000D+00
 7.84391148D+30
 1.66390997D+30
 1.12953729D+30
 8.61035871D+29
 6.71153571D+29
 5.56360022D+29
 4.72185784D+29
 4.11104097D+29
 3.63525208D+29
 3.33184936D+29
 2.80585181D+29
 2.55007295D+29
 2.38192566D+29
 2.20850504D+29
 2.08549564D+29
 2.03838400D+29
 1.82600969D+29
 1.66976507D+29
 1.49266138D+29
 1.36973376D+29
 1.39379113D+29
 1.05065673D+29
 1.10328137D+29
 1.11091373D+29
 1.14575784D+29
 1.00874219D+29
 8.18191172D+28
 7.70279449D+28
 8.06381616D+28
 7.28574363D+28
 6.69803393D+28
 6.71169127D+28
 6.92557975D+28
 5.92031715D+28
 5.26020125D+28
 5.94666352D+28
 4.90598614D+28
 4.83216326D+28
 4.02432161D+28
 3.95965765D+28
 4.21566327D+28
 3.98583772D+28
 3.94766735D+28
 3.63330018D+28
 3.63988191D+28
 2.89997409D+28
 3.40060457D+28
 2.42262402D+28
 2.46170994D+28
 2.56105823D+28
 1.71320024D+28
 2.13669981D+28
 1.57891291D+28
 1.75487533D+28
 1.69384673D+28
 1.12978688D+28
 1.66333243D+28
 1.23342098D+28
 1.20520536D+28
 2.04008909D+28
 2.96361462D+28
 8.76006649D+28
 7.55047396D+29
 0.00000000D+00
 0.00000000D+00
 1.05533084D+31
 2.26138924D+30
 1.46827915D+30
 1.11046712D+30
 8.67392455D+29
 7.35126929D+29
 6.08172171D+29
 5.40170379D+29
 4.88501935D+29
 4.32293255D+29
 3.98046696D+29
 3.39769844D+29
 3.22795586D+29
 2.97690744D+29
 2.69086220D+29
 2.53667918D+29
 2.35661832D+29
 2.28575780D+29
 1.87686769D+29
 1.78811604D+29
 1.73143093D+29
 1.43746441D+29
 1.50575289D+29
 1.37763810D+29
 1.34351159D+29
 1.20638206D+29
 1.14361472D+29
 1.02960752D+29
 9.58669357D+28
 9.35717956D+28
 8.96012108D+28
 8.21948203D+28
 8.50166984D+28
 7.23875970D+28
 7.45821173D+28
 6.95896950D+28
 6.02366918D+28
 6.09224216D+28
 5.16686067D+28
 4.81134887D+28
 4.86693811D+28
 4.56581991D+28
 4.72022277D+28
 4.64577680D+28
 3.96013812D+28
 3.62495393D+28
 3.79406242D+28
 2.92435437D+28
 2.90389363D+28
 3.14330121D+28
 3.00314930D+28
 2.74992440D+28
 1.90466821D+28
 1.86400773D+28
 1.97843636D+28
 1.68913150D+28
 1.68544351D+28
 1.75027798D+28
 1.37838916D+28
 3.09141679D+28
 4.49319057D+28
 1.31964493D+29
 1.20533290D+30
 0.00000000D+00
 0.00000000D+00
 1.92442802D+31
 4.10107766D+30
 2.75390533D+30
 2.04873961D+30
 1.61962032D+30
 1.33323172D+30
 1.14919714D+30
 9.84970421D+29
 8.81263951D+29
 8.09377895D+29
 7.28330268D+29
 6.49562410D+29
 5.97413481D+29
 5.49143390D+29
 5.14897772D+29
 4.83119664D+29
 4.41408537D+29
 3.91613659D+29
 3.60884383D+29
 3.42440324D+29
 3.21770854D+29
 2.68009137D+29
 2.62774290D+29
 2.49405897D+29
 2.38663521D+29
 2.46745916D+29
 2.14495358D+29
 2.04357352D+29
 1.94717015D+29
 1.82500517D+29
 1.60684435D+29
 1.61815839D+29
 1.56962768D+29
 1.45823281D+29
 1.41231401D+29
 1.27919075D+29
 1.15380005D+29
 1.24311247D+29
 1.02687016D+29
 1.12895750D+29
 1.03647072D+29
 1.09642955D+29
 8.79883272D+28
 8.19573325D+28
 7.73919757D+28
 7.41637245D+28
 6.53663190D+28
 6.00892987D+28
 4.89862280D+28
 6.10691411D+28
 5.15127514D+28
 4.90975833D+28
 4.30837656D+28
 4.63283517D+28
 3.61165023D+28
 3.16065916D+28
 2.89389059D+28
 3.31453577D+28
 2.65897091D+28
 4.72217201D+28
 8.36762668D+28
 2.12246739D+29
 1.98511951D+30
 0.00000000D+00
 0.00000000D+00
 5.17626198D+31
 1.09280382D+31
 7.32456476D+30
 5.47537503D+30
 4.41905264D+30
 3.60524244D+30
 3.04758116D+30
 2.66179859D+30
 2.36511230D+30
 2.10847047D+30
 1.97243398D+30
 1.62587549D+30
 1.54813525D+30
 1.42034389D+30
 1.36591194D+30
 1.25744866D+30
 1.16725494D+30
 1.06987026D+30
 9.71867405D+29
 9.14822222D+29
 8.26097088D+29
 7.02150480D+29
 7.27883626D+29
 6.73685802D+29
 6.27173819D+29
 6.24202277D+29
 5.54555600D+29
 5.14193120D+29
 5.06960264D+29
 4.87463990D+29
 4.49349095D+29
 4.02244450D+29
 4.20599140D+29
 3.55676258D+29
 3.42532934D+29
 3.44730807D+29
 2.95834231D+29
 3.00362733D+29
 2.75134096D+29
 2.40929809D+29
 2.64280494D+29
 2.30594619D+29
 2.29982045D+29
 2.17783401D+29
 2.01316253D+29
 1.83939682D+29
 1.81555179D+29
 1.43782260D+29
 1.29946034D+29
 1.59202011D+29
 1.14322586D+29
 1.20125412D+29
 1.06353090D+29
 9.63272992D+28
 8.81803976D+28
 7.89010811D+28
 6.19875500D+28
 7.45461959D+28
 7.57064404D+28
 1.16694412D+29
 2.33711198D+29
 6.05457461D+29
 5.63265632D+30
 0.00000000D+00
 0.00000000D+00
 4.86613148D+32
 1.03131923D+32
 6.84686009D+31
 5.15866479D+31
 4.08759395D+31
 3.41851744D+31
 2.86336458D+31
 2.47146276D+31
 2.22470547D+31
 2.01809948D+31
 1.82465251D+31
 1.52616595D+31
 1.46100961D+31
 1.34315057D+31
 1.28403094D+31
 1.16401383D+31
 1.08512906D+31
 9.81646667D+30
 8.93261607D+30
 8.59844408D+30
 7.98247807D+30
 6.59433300D+30
 6.59024947D+30
 6.34604096D+30
 5.91776858D+30
 5.73811487D+30
 5.14892781D+30
 4.91249276D+30
 4.69523629D+30
 4.57741279D+30
 4.08321137D+30
 3.81170036D+30
 3.88935884D+30
 3.44143132D+30
 3.19215076D+30
 3.13276512D+30
 2.73270869D+30
 2.88498467D+30
 2.47313040D+30
 2.30305515D+30
 2.50215324D+30
 2.18894355D+30
 2.11827192D+30
 2.04481413D+30
 1.83256197D+30
 1.61269615D+30
 1.56642034D+30
 1.35056526D+30
 1.27508490D+30
 1.46732240D+30
 1.08954364D+30
 1.11522811D+30
 9.35227429D+29
 9.18533699D+29
 7.88107901D+29
 6.60108494D+29
 5.81514014D+29
 6.95902750D+29
 6.75445422D+29
 1.10801628D+30
 1.96962680D+30
 5.68204345D+30
 5.32959416D+31
 0.00000000D+00
 0.00000000D+00
 0.00000000D+00
 0.00000000D+00
 0.00000000D+00
 0.00000000D+00
 0.00000000D+00
 0.00000000D+00
 0.00000000D+00
 0.00000000D+00
 0.00000000D+00
 0.00000000D+00
 0.00000000D+00
 0.00000000D+00
 0.00000000D+00
 0.00000000D+00
 0.00000000D+00
 0.00000000D+00
 0.00000000D+00
 0.00000000D+00
 0.00000000D+00
 0.00000000D+00
 0.00000000D+00
 0.00000000D+00
 0.00000000D+00
 0.00000000D+00
 0.00000000D+00
 0.00000000D+00
 0.00000000D+00
 0.00000000D+00
 0.00000000D+00
 0.00000000D+00
 0.00000000D+00
 0.00000000D+00
 0.00000000D+00
 0.00000000D+00
 0.00000000D+00
 0.00000000D+00
 0.00000000D+00
 0.00000000D+00
 0.00000000D+00
 0.00000000D+00
 0.00000000D+00
 0.00000000D+00
 0.00000000D+00
 0.00000000D+00
 0.00000000D+00
 0.00000000D+00
 0.00000000D+00
 0.00000000D+00
 0.00000000D+00
 0.00000000D+00
 0.00000000D+00
 0.00000000D+00
 0.00000000D+00
 0.00000000D+00
 0.00000000D+00
 0.00000000D+00
 0.00000000D+00
 0.00000000D+00
 0.00000000D+00
 0.00000000D+00
 0.00000000D+00
 0.00000000D+00
 0.00000000D+00
 0.00000000D+00
 0.00000000D+00
 0.00000000D+00
 0.00000000D+00
 0.00000000D+00
 0.00000000D+00
 0.00000000D+00
 0.00000000D+00
 0.00000000D+00
 0.00000000D+00
 0.00000000D+00
 0.00000000D+00
 0.00000000D+00
 0.00000000D+00
 0.00000000D+00
 0.00000000D+00
 0.00000000D+00
 0.00000000D+00
 0.00000000D+00
 0.00000000D+00
 0.00000000D+00
 0.00000000D+00
 0.00000000D+00
 0.00000000D+00
 0.00000000D+00
 0.00000000D+00
 0.00000000D+00
 0.00000000D+00
 0.00000000D+00
 0.00000000D+00
 0.00000000D+00
 0.00000000D+00
 0.00000000D+00
 0.00000000D+00
 0.00000000D+00
 0.00000000D+00
 0.00000000D+00
 0.00000000D+00
 0.00000000D+00
 0.00000000D+00
 0.00000000D+00
 0.00000000D+00
 0.00000000D+00
 0.00000000D+00
 0.00000000D+00
 0.00000000D+00
 0.00000000D+00
 0.00000000D+00
 0.00000000D+00
 0.00000000D+00
 0.00000000D+00
 0.00000000D+00
 0.00000000D+00
 0.00000000D+00
 0.00000000D+00
 0.00000000D+00
 0.00000000D+00
 0.00000000D+00
 0.00000000D+00
 0.00000000D+00
 0.00000000D+00
 0.00000000D+00
 0.00000000D+00
 0.00000000D+00
 0.00000000D+00
 0.00000000D+00
 0.00000000D+00
